125
36
158
145
178
52
42
176
71
100
171
60
2
106
240
209
65
10
159
39
21
13
4
144
226
35
104
132
189
70
17
5
181
169
204
23
53
200
241
248
8
37
91
77
247
27
83
198
222
68
129
214
99
239
103
57
74
147
244
130
76
31
112
215
128
92
54
174
146
185
123
141
18
29
124
218
6
221
30
136
250
1
12
126
182
135
120
61
220
43
78
73
143
47
202
231
55
113
199
138
133
19
9
151
110
249
166
108
20
242
168
165
164
119
172
233
211
212
49
33
162
175
196
225
163
101
238
187
96
98
157
81
45
190
224
28
64
22
87
206
72
180
127
121
167
161
102
32
173
192
86
210
16
56
131
58
67
82
170
232
95
245
79
90
111
188
34
38
246
88
40
44
116
15
236
25
177
114
229
201
205
115
230
140
183
41
89
26
51
63
208
227
237
235
203
75
14
160
94
153
243
93
234
7
148
149
66
228
3
48
11
80
184
152
195
50
134
84
191
69
186
154
137
85
193
216
109
213
62
24
97
150
155
122
105
46
219
118
207
223
139
156
107
117
197
194
59
142
217
179